P1
# Below is the Bitmap
80 24
00000000000000000000000000000000000000000000000000000000000000000000000000000000
00000000000000000000000000000000000000000000000000000000000000000000000000000000
00000000000000000000000000000000000000000000000000000000000000000000000000000000
00001100000110001111111110001100000000001100000000000011111111000000000000000000
00001100000110001100000000001100000000001100000000000110000001100000000000000000
00001100000110001100000000001100000000001100000000000110000001100000000000000000
00001111111110001111111110001100000000001100000000000110000001100000000000000000
00001100000110001100000000001100000000001100000000000110000001100000000000000000
00001100000110001100000000001100000000001100000000000110000001100000000000000000
00001100000110001111111110001111111110001111111111000011111111000000000000000000
00000000000000000000000000000000000000000000000000000000000000000000000000000000
00000000000000000000000000000000000000000000000000000000000000000000000000000000
00000000000000000000000000000000000000000000000000000000000000000000000000000000
00000000000000000000000000000000000000000000000000000000000000000000000000000000
00001100000000000110000111111110000111111110000110000000000011111110000001100000
00000100000100000100001100000011000110000011000110000000000011000011100001100000
00000110000100001100001100000011000110000011000110000000000011000000110001100000
00000010001010001000001100000011000111111110000110000000000011000000110001100000
00000010001010001000001100000011000110011000000110000000000011000000110001100000
00000001010001010000001100000011000110001110000110000000000011000011100000000000
00000000100000100000000111111110000110000111000111111111100011111110000001100000
00000000000000000000000000000000000000000000000000000000000000000000000000000000
00000000000000000000000000000000000000000000000000000000000000000000000000000000
00000000000000000000000000000000000000000000000000000000000000000000000000000000